100
0 42 68 35 1 70 25 79 59 63 65 6 46 82 28 62 92 96 43 28 37 92 5 3 54 93 83 22 17 19 96 48 27 72 39 70 13 68 100 36 95 4 12 23 34 74 65 42 12 54 69 48 45 63 58 38 60 24 42 30 79 17 36 91 43 89 7 41 43 65 49 47 6 91 30 71 51 7 2 94 49 30 24 85 55 57 41 67 77 32 9 45 40 27 24 38 39 19 83 30
42 0 42 34 16 40 59 5 31 78 7 74 87 22 46 25 73 71 30 78 74 98 13 87 91 62 37 56 68 56 75 32 53 51 51 42 25 67 31 8 92 8 38 58 88 54 84 46 10 10 59 22 89 23 47 7 31 14 69 1 92 63 56 11 60 25 38 49 84 96 42 3 51 92 37 75 21 97 22 49 100 69 85 82 35 54 100 19 39 1 89 28 68 29 94 49 84 8 22 11
68 42 0 18 14 15 10 17 36 52 1 50 20 57 99 4 25 9 45 10 90 3 96 86 94 44 24 88 15 4 49 1 59 19 81 97 99 82 90 99 10 58 73 23 39 93 39 80 91 58 59 92 16 89 57 12 3 35 73 56 29 47 63 87 76 34 70 43 45 1 7 82 99 23 52 22 100 58 77 93 90 76 13 1 11 4 70 62 89 2 90 56 24 3 86 83 86 89 27 18 58
35 34 18 0 33 33 70 55 22 90 77 30 69 93 26 56 35 50 42 13 46 61 19 54 40 24 80 97 88 30 50 38 67 50 94 96 98 17 87 6 89 83 56 35 15 2 17 72 87 64 14 56 86 54 13 9 33 46 14 57 22 59 47 83 82 45 97 23 30 62 36 51 74 67 45 60 93 40 54 25 55 11 46 50 87 14 75 23 69 19 88 6 59 92 3 26 78 15 15 25
1 16 14 33 0 35 75 73 60 34 71 88 98 19 78 74 71 64 69 93 86 3 81 14 28 3 100 28 26 44 25 24 73 62 82 4 33 6 94 26 32 93 43 23 87 65 1 88 61 14 75 71 71 36 34 12 61 97 68 86 51 41 95 96 25 20 26 77 95  59 3 72 67 79 94 52 85 19 65 20 53 1 88 61 27 11 58 71 16 77 28 44 59 65 10 83 87 66 88 78
70 40 15 33 35 0 75 26 28 30 29 24 21 3 63 24 97 38 62 96 26 65 61 3 17 31 27 12 72 12 48 54 21 91 25 89 64 41 52 63 30 1 14 59 79 66 8 78 1 59 40 4 61 58 25 78 9 14 88 2 51 61 29 94 85 6 41 12 5 36 5 7 73 51 24 86 57 17 27 58 27 58 38 72 70 62 97 23 18 13 18 97 86 42 24 30 30 66 60 33 97
25 59 10 70 75 75 0 56 54 63 85 35 55 73 58 70 33 64 8 84 12 36 68 49 76 39 24 43 55 12 42 76 60 26 22 71 27 35 6 84 51 99 80 2 94 35 38 35 57 94 77 6 63 49 82 1 14 42 56 56 43 63 12 78 25 79 53 44 97 74 41 14 76 73 19 11 18 33 13 96 70 32 41 89 86 91 98 90 91 46 54 15 52 41 45 59 36 60 93 6
79 5 17 55 73 26 56 0 65 82 4 30 76 9 93 98 50 57 62 28 68 42 30 41 14 75 2 78 16 84 14 93 25 2 93 60 71 29 28 85 76 87 99 71 88 48 5 4 22 64 7 64 11 72 90 41 65 43 20 14 92 5 19 33 51 6 76 40 4 23 99 48 85 49 72 65 14 76 46 13 47 79 70 63 20 86 90 45 66 41 46 9 19 71 2 24 33 73 53 88
59 31 36 22 60 28 54 65 0 71 64 2 4 24 28 1 70 16 66 29 44 48 89 44 38 10 64 50 82 89 43 9 61 22 59 55 89 47 91 50 44 31 21 49 68 37 84 36 27 86 39 54 30 25 49 24 60 58 67 45 56 19 27 12 26 56 2 50 97 85 16 65 43 76 14 43 97 49 73 27 7 74 30 5 6 27 13 76 94 66 37 37 42 15 95 57 53 37 39 83
63 78 52 90 34 30 63 82 71 0 56 16 32 31 42 26 12 38 87 91 51 63 35 94 54 17 53 9 63 34 55 4 35 4 57 49 25 18 14 10 29 1 81 19 59 51 56 62 65 4 77 44 10 3 62 90 49 83 54 75 21 3 24 32 70 79 60 9 20 72 4 46 82 5 93 86 14 99 90 23 39 38 11 62 35 9 62 60 94 16 70 38 70 59 1 72 65 18 16 56
65 7 1 77 71 29 85 4 64 56 0 16 31 40 13 89 83 55 86 11 85 75 81 16 52 42 16 80 11 99 74 89 78 33 57 90 14 9 42 91 24 64 29 85 79 1 72 86 75 72 34 68 54 96 69 26 77 30 51 99 10 94 87 81 17 50 68 29 80 65 22 6 27 17 17 27 67 88 82 65 41 87 22 63 22 65 10 16 3 74 25 42 46 63 24 32 7 69 19 3
6 74 50 30 88 24 35 30 2 16 16 0 8 8 82 13 37 31 15 10 85 57 91 94 97 53 55 46 9 49 92 13 32 15 40 59 23 5 96 53 70 80 39 24 19 67 60 99 87 97 63 34 59 23 47 93 38 26 48 59 3 8 99 31 93 1 79 100 53 49 83 41 16 76 63 68 37 98 19 98 29 52 17 31 50 26 59 30 21 41 61 48 63 56 76 93 62 55 99 47
46 87 20 69 98 21 55 76 4 32 31 8 0 15 47 89 70 39 64 76 16 22 76 16 29 35 71 6 65 58 63 62 25 50 70 31 24 51 34 26 11 38 37 38 79 94 37 15 65 92 50 36 6 38 5 38 24 65 71 9 69 82 86 53 74 53 95 77 27 97 73 50 41 75 20 44 12 42 90 20 66 6 86 17 51 16 10 65 67 94 75 10 1 96 74 90 62 73 69 59
82 22 57 93 19 3 73 9 24 31 40 8 15 0 32 69 27 11 23 75 80 11 53 83 92 96 65 75 65 3 56 61 75 73 22 23 48 78 90 6 96 95 51 44 55 82 13 73 40 29 13 63 68 9 16 9 24 60 35 5 87 20 59 46 7 67 1 68 93 88 3 3 57 75 48 22 84 23 32 77 84 49 24 83 19 77 21 12 83 57 91 26 25 87 78 70 44 35 78 69 69
28 46 99 26 78 63 58 93 28 42 13 82 47 32 0 92 97 84 29 28 27 72 98 13 4 28 9 46 9 86 39 38 44 14 2 51 29 12 51 50 93 55 70 82 66 68 14 94 35 73 73 31 2 43 78 78 71 3 65 82 91 24 38 24 80 96 70 28 43 11 83 59 27 88 71 29 52 59 14 61 84 87 43 11 73 29 35 42 19 4 68 66 39 82 58 51 15 99 59 62
62 25 4 56 74 24 70 98 1 26 89 13 89 69 92 0 64 57 8 79 90 36 66 76 87 87 34 61 31 49 29 93 34 41 67 36 11 100 38 93 83 29 53 70 45 95 9 53 48 33 36 9 65 98 44 50 16 42 90 1 13 49 24 52 75 34 92 1 55 91 98 20 81 79 32 45 41 88 100 26 84 39 93 94 53 12 61 35 41 98 86 30 41 6 92 93 11 50 79 80
92 73 25 35 71 97 33 50 70 12 83 37 70 27 97 64 0 72 78 74 94 21 98 27 77 91 83 79 60 19 90 60 50 25 73 81 9 68 9 78 4 71 8 97 75 23 12 20 62 57 91 64 84 17 33 53 42 55 14 63 97 61 16 5 100 37 81 99 3 3 88 85 41 18 7 71 42 83 50 24 59 6 22 96 97 17 79 79 80 59 78 51 8 30 82 96 79 77 54 100 85
96 71 9 50 64 38 64 57 16 38 55 31 39 11 84 57 72 0 66 94 9 73 44 30 15 69 56 92 74 23 49 52 87 45 47 78 18 30 17 75 92 70 13 47 94 92 16 50 58 41 53 37 52 88 27 63 56 84 95 81 98 66 66 14 62 79 79 79 41 12 48 46 71 76 90 51 50 34 66 15 83 8 33 97 68 23 83 11 42 32 88 6 80 22 39 52 48 9 47 77
43 30 45 42 69 62 8 62 66 87 86 15 64 23 29 8 78 66 0 60 90 23 67 87 56 29 15 61 54 78 49 4 62 32 83 56 98 7 53 22 97 82 22 56 48 25 19 36 77 75 60 99 75 54 23 36 44 89 54 33 48 81 27 79 51 2 62 100 5 6 64 17 74 62 46 74 75 51 54 82 88 100 11 44 66 73 30 82 13 77 82 48 91 72 6 73 33 90 21 66 32
28 78 10 13 93 96 84 28 29 91 11 10 76 75 28 79 74 94 60 0 59 94 7 79 49 7 72 67 97 98 21 95 30 89 10 85 70 79 18 16 27 85 69 7 29 98 19 91 100 86 87 100 21 11 72 14 16 86 19 81 32 68 88 45 87 8 61 28 75 32 53 72 69 94 86 38 12 5 78 7 69 23 14 1 43 38 39 89 56 90 48 82 94 85 88 62 94 18 2 83
37 74 90 46 86 26 12 68 44 51 85 85 16 80 27 90 94 9 90 59 0 48 66 54 5 85 96 26 22 65 82 73 7 57 44 94 81 81 69 12 14 69 52 17 80 69 41 32 34 80 64 60 54 37 96 66 75 21 36 81 77 56 26 72 9 60 57 3 33 6 41 76 63 86 63 81 37 98 3 9 81 41 77 59 94 41 47 75 74 98 81 36 73 1 8 56 67 42 89 82
92 98 3 61 3 65 36 42 48 63 75 57 22 11 72 36 21 73 23 94 48 0 69 16 97 26 10 13 37 56 63 44 43 22 23 13 49 19 69 18 15 51 91 36 60 70 96 4 41 80 100 6 92 62 82 53 54 34 30 88 43 54 84 21 15 19 45 64 30 53 65 70 71 6 48 95 88 27 77 24 41 80 91 89 11 72 46 22 71 84 90 56 79 80 7 63 36 88 97 34
5 13 96 19 81 61 68 30 89 35 81 91 76 53 98 66 98 44 67 7 66 69 0 89 36 80 94 91 63 66 2 6 8 68 70 35 72 58 99 46 98 19 39 45 73 64 29 65 2 24 91 5 2 28 98 93 72 64 2 64 22 66 22 46 11 96 42 23 13 52 16 56 94 39 80 83 9 55 23 8 46 39 45 91 40 55 5 24 26 79 25 82 31 34 24 95 31 47 88 46
3 87 86 54 14 3 49 41 44 94 16 94 16 83 13 76 27 30 87 79 54 16 89 0 6 17 51 90 39 64 36 98 10 31 25 9 38 75 21 73 94 56 35 62 57 7 85 76 83 20 42 33 85 80 80 84 68 37 26 19 38 29 20 78 38 92 57 96 61 2 94 33 37 81 76 8 85 75 20 91 77 42 52 30 91 75 73 92 90 88 91 40 94 54 64 82 4 6 77 80
54 91 94 40 28 17 76 14 38 54 52 97 29 92 4 87 77 15 56 49 5 97 36 6 0 96 40 69 99 84 40 16 22 94 27 23 39 29 82 100 79 92 24 44 35 44 50 3 8 3 42 88 47 92 38 14 1 17 91 63 36 27 11 78 83 61 90 6 75 6 4 23 96 67 61 39 89 12 46 68 26 68 90 43 64 48 3 18 100 24 27 4 49 52 71 37 59 68 57 6 32
93 62 44 24 3 31 39 75 10 17 42 53 35 96 28 87 91 69 29 7 85 26 80 17 96 0 63 20 76 57 32 96 45 92 4 89 16 51 20 73 92 84 34 76 43 70 1 55 79 86 58 34 94 91 4 51 34 23 72 12 91 39 42 59 48 53 59 80 3 84 91 3 69 23 96 36 9 62 43 95 100 89 79 43 58 42 48 70 46 81 14 65 11 62 86 74 5 63 4 3
83 37 24 80 100 27 24 2 64 53 16 55 71 65 9 34 83 56 15 72 96 10 94 51 40 63 0 70 55 30 53 75 50 31 45 45 50 19 66 64 53 74 71 32 48 12 70 99 99 4 53 80 54 44 23 89 64 35 51 23 41 12 93 52 81 78 17 77  79 21 16 49 99 80 36 58 84 63 3 63 21 71 23 74 42 87 89 18 18 93 99 68 50 66 90 33 20 82 4 31
22 56 88 97 28 12 43 78 50 9 80 46 6 75 46 61 79 92 61 67 26 13 91 90 69 20 70 0 29 32 90 53 31 73 65 8 96 29 82 91 11 78 72 37 60 44 41 34 38 94 31 75 94 83 4 62 91 63 8 98 52 24 91 18 41 4 67 84 62 60 46 87 52 66 2 41 10 98 84 51 59 22 76 82 88 72 88 100 5 80 39 1 31 62 19 6 41 29 60 23
17 68 15 88 26 72 55 16 82 63 11 9 65 65 9 31 60 74 54 97 22 37 63 39 99 76 55 29 0 99 61 99 36 82 15 68 94 97 62 47 39 71 39 77 56 18 72 61 53 59 34 56 66 27 2 35 60 94 49 74 93 94 34 38 4 91 12 95 6 9 28 99 90 49 80 48 50 32 70 76 99 50 37 100 24 44 32 55 62 35 86 68 17 94 5 67 54 9 24 85 93
19 56 4 30 44 12 12 84 89 34 99 49 58 3 86 49 19 23 78 98 65 56 66 64 84 57 30 32 99 0 68 49 70 31 12 15 91 28 44 5 100 75 96 7 59 90 59 10 90 48 41 19 65 76 27 90 4 67 13 41 71 77 96 42 87 52 10 88 8 4 86 91 51 87 56 82 29 3 78 63 25 66 73 33 86 29 47 90 79 84 26 66 61 46 79 22 56 21 28 74 35
96 75 49 50 25 48 42 14 43 55 74 92 63 56 39 29 90 49 49 21 82 63 2 36 40 32 53 90 61 68 0 52 76 37 35 2 38 11 75 91 57 72 81 36 46 83 26 19 74 13 38 99 6 63 18 93 40 48 47 4 32 16 40 59 30 46 95 100 46 73 76 63 73 74 81 39 98 43 9 4 78 26 35 2 79 83 70 37 79 40 39 22 27 64 78 76 25 82 1 62
48 32 1 38 24 54 76 93 9 4 89 13 62 61 38 93 60 52 4 95 73 44 6 98 16 96 75 53 99 49 52 0 63 3 49 96 85 17 38 8 94 85 45 60 22 59 44 69 78 20 58 42 92 65 24 16 73 30 42 16 16 37 58 60 1 53 94 42 30 49  28 99 25 25 75 34 86 39 71 63 30 85 10 79 24 86 1 25 94 6 13 66 68 8 78 85 5 91 35 92
27 53 59 67 73 21 60 25 61 35 78 32 25 75 44 34 50 87 62 30 7 43 8 10 22 45 50 31 36 70 76 63 0 22 86 35 91 43 99 87 19 22 25 98 77 55 70 9 28 94 69 67 3 39 1 20 19 91 85 40 57 9 33 79 15 88 40 75 21 28 55 89 42 99 43 3 22 5 47 57 10 34 9 62 34 87 5 86 43 43 61 62 21 44 79 88 14 64 92 35
72 51 19 50 62 91 26 2 22 4 33 15 50 73 14 41 25 45 32 89 57 22 68 31 94 92 31 73 82 31 37 3 22 0 16 57 62 13 12 60 52 39 71 25 8 8 85 52 2 90 59 42 91 14 13 56 61 94 73 3 77 44 74 67 52 76 29 33 62 7 0 4 30 8 93 52 54 93 71 20 73 8 95 6 41 84 63 10 8 39 61 72 72 55 48 15 24 30 90 67 88
39 51 81 94 82 25 22 93 59 57 57 40 70 22 2 67 73 47 83 10 44 23 70 25 27 4 45 65 15 12 35 49 86 16 0 57 33 71 40 67 23 84 61 54 6 92 60 87 88 30 43 18 46 57 89 53 55 67 34 61 20 32 39 68 77 99 15 21 54 8 70 17 23 43 8 64 61 48 94 31 18 44 77 15 27 18 35 21 72 93 65 55 67 94 65 76 1 13 1 52
70 42 97 96 4 89 71 60 55 49 90 59 31 23 51 36 81 78 56 85 94 13 35 9 23 89 45 8 68 15 2 96 35 57 57 0 77 80 44 78 90 62 86 73 35 45 62 64 5 47 89 9 58 31 24 65 75 47 38 82 19 12 93 92 33 24 62 92 62 31 99 70 92 1 80 18 18 15 96 42 37 68 29 54 10 74 82 4 70 17 84 68 86 3 31 58 82 68 11 67
13 25 99 98 33 64 27 71 89 25 14 23 24 48 29 11 9 18 98 70 81 49 72 38 39 16 50 96 94 91 38 85 91 62 33 77 0 88 72 78 46 65 39 72 48 16 93 12 58 6 54 72 81 41 31 76 21 91 78 99 87 5 90 32 45 89 11 19 20 60 28 10 20 80 17 1 97 54 59 31 94 7 50 55 73 61 95 55 34 47 30 72 29 60 42 22 89 67 34 86
68 67 82 17 6 41 35 29 47 18 9 5 51 78 12 100 68 30 7 79 81 19 58 75 29 51 19 29 97 28 11 17 43 13 71 80 88 0 71 30 62 61 9 83 63 7 79 80 98 88 39 70 84 41 96 67 34 10 58 18 35 54 36 59 94 44 94 67 52 41 95 38 75 13 98 52 96 18 93 93 38 31 14 97 11 90 29 10 87 45 41 83 70 21 94 93 63 15 28 8
100 31 90 87 94 52 6 28 91 14 42 96 34 90 51 38 9 17 53 18 69 69 99 21 82 20 66 82 62 44 75 38 99 12 40 44 72 71 0 95 6 14 12 14 94 65 4 96 63 82 47 10 49 69 25 12 55 36 28 34 41 63 28 78 18 41 43 1 1  59 77 55 36 31 32 96 38 24 23 28 30 12 12 55 81 54 94 22 86 29 44 1 56 72 71 53 76 32 41 35
36 8 99 6 26 63 84 85 50 10 91 53 26 6 50 93 78 75 22 16 12 18 46 73 100 73 64 91 47 5 91 8 87 60 67 78 78 30 95 0 41 87 35 49 40 66 97 13 63 53 32 88 65 58 49 57 71 51 83 2 94 100 33 45 32 76 5 51 27 67 39 2 24 44 42 81 96 19 60 64 29 30 89 55 14 80 70 67 80 78 38 3 16 93 24 73 49 24 54 49
95 92 10 89 32 30 51 76 44 29 24 70 11 96 93 83 4 92 97 27 14 15 98 94 79 92 53 11 39 100 57 94 19 52 23 90 46 62 6 41 0 96 98 9 9 12 94 66 82 3 11 29 57 6 66 24 70 16 54 6 85 79 46 41 34 86 1 69 95 3 4 86 49 82 33 57 11 73 83 2 7 36 61 72 28 38 44 69 34 96 72 4 43 12 80 35 13 94 31 62 35
4 8 58 83 93 1 99 87 31 1 64 80 38 95 55 29 71 70 82 85 69 51 19 56 92 84 74 78 71 75 72 85 22 39 84 62 65 61 14 87 96 0 59 27 7 92 44 89 28 20 85 25 94 36 25 95 83 68 28 6 47 87 90 41 38 51 60 79 57 78 4 43 1 12 26 44 96 17 16 5 7 69 42 36 99 26 14 24 13 19 58 97 40 87 95 47 44 23 12 81
12 38 73 56 43 14 80 99 21 81 29 39 37 51 70 53 8 13 22 69 52 91 39 35 24 34 71 72 39 96 81 45 25 71 61 86 39 9 12 35 98 59 0 56 59 48 71 91 74 28 14 55 97 73 51 42 42 47 26 14 25 30 96 4 95 94 68 88 41 80 42 26 35 61 1 8 22 93 94 18 18 4 44 94 40 12 26 29 79 49 51 93 45 55 24 54 37 48 47 27
23 58 23 35 23 59 2 71 49 19 85 24 38 44 82 70 97 47 56 7 17 36 45 62 44 76 32 37 77 7 36 60 98 25 54 73 72 83 14 49 9 27 56 0 62 5 39 72 87 6 100 57 29 68 52 20 92 67 18 47 94 88 22 13 68 100 45 98 2 29 43 5 69 69 42 97 63 21 45 19 26 20 85 75 85 60 50 15 96 4 33 52 38 15 64 52 20 91 18 84
34 88 39 15 87 79 94 88 68 59 79 19 79 55 66 45 75 94 48 29 80 60 73 57 35 43 48 60 56 59 46 22 77 8 6 35 48 63 94 40 9 7 59 62 0 19 85 53 87 70 49 38 98 25 69 28 49 94 83 72 70 94 78 15 5 85 44 96 12 94 93 99 91 100 91 94 75 50 75 15 74 70 19 66 34 39 12 53 64 9 50 89 46 32 21 7 72 69 22 59
74 54 93 2 65 66 35 48 37 51 1 67 94 82 68 95 23 92 25 98 69 70 64 7 44 70 12 44 18 90 83 59 55 8 92 45 16 7 65 66 12 92 48 5 19 0 58 48 83 39 23 24 7 7 90 57 46 52 24 19 51 98 37 92 7 11 14 52 81 45 44 42 46 79 50 6 15 86 28 25 5 57 18 28 56 3 87 69 99 80 12 90 59 91 76 11 33 90 97 51
65 84 39 17 1 8 38 5 84 56 72 60 37 13 14 9 12 16 19 19 41 96 29 85 50 1 70 41 72 59 26 44 70 85 60 62 93 79 4 97 94 44 71 39 85 58 0 13 23 30 73 37 78 54 77 71 86 53 52 98 52 2 36 94 73 17 17 29 12 2 6 39 97 40 45 57 27 3 59 89 22 87 9 78 29 80 48 50 81 46 29 63 27 20 78 92 48 86 32 7 85
42 46 80 72 88 78 35 4 36 62 86 99 15 73 94 53 20 50 36 91 32 4 65 76 3 55 99 34 61 10 19 69 9 52 87 64 12 80 96 13 66 89 91 72 53 48 13 0 55 70 10 57 22 46 66 17 61 98 36 91 78 50 6 87 89 76 44 78 31 88 56 83 54 1 55 90 89 16 9 11 41 100 98 8 55 5 38 86 100 93 14 13 83 84 52 30 38 34 1 65 
12 10 91 87 61 1 57 22 27 65 75 87 65 40 35 48 62 58 77 100 34 41 2 83 8 79 99 38 53 90 74 78 28 2 88 5 58 98 63 63 82 28 74 87 87 83 23 55 0 84 58 69 11 69 9 42 33 38 85 100 2 70 84 57 93 41 88 13 11 21 36 64 16 98 78 75 35 54 34 79 87 25 35 76 50 13 85 25 93 5 23 56 14 63 74 85 61 23 54 98
54 10 58 64 14 59 94 64 86 4 72 97 92 29 73 33 57 41 75 86 80 80 24 20 3 86 4 94 59 48 13 20 94 90 30 47 6 88 82 53 3 20 28 6 70 39 30 70 84 0 23 51 38 18 7 32 98 6 37 58 100 91 99 86 48 85 93 26 97 5 6 29 39 43 29 96 43 38 7 68 54 94 6 47 10 25 55 66 40 7 10 93 100 76 37 62 48 19 14 28 13
69 59 59 14 75 40 77 7 39 77 34 63 50 13 73 36 91 53 60 87 64 100 91 42 42 58 53 31 34 41 38 58 69 59 43 89 54 39 47 32 11 85 14 100 49 23 73 10 58 23 0 97 10 42 31 91 35 16 87 24 67 45 37 38 17 94 50 72 45 78 86 1 91 86 26 19 69 7 30 9 42 26 37 81 17 71 85 48 29 37 5 1 24 65 12 41 51 5 84 67
48 22 92 56 71 4 6 64 54 44 68 34 36 63 31 9 64 37 99 100 60 6 5 33 88 34 80 75 56 19 99 42 67 42 18 9 72 70 10 88 29 25 55 57 38 24 37 57 69 51 97 0 42 71 46 7 89 57 8 67 58 79 100 75 56 92 91 33 59 97 18 91 68 8 35 47 63 3 40 27 96 7 15 51 87 80 77 23 80 2 13 77 65 58 71 39 13 45 62 81
45 89 16 86 71 61 63 11 30 10 54 59 6 68 2 65 84 52 75 21 54 92 2 85 47 94 54 94 66 65 6 92 3 91 46 58 81 84 49 65 57 94 97 29 98 7 78 22 11 38 10 42 0 1 44 57 62 48 40 9 91 53 80 19 20 8 85 48 78 76 14 10 72 43 40 37 22 2 35 30 59 37 70 98 5 99 3 6 39 33 66 17 82 80 24 28 72 14 83 41
63 23 89 54 36 58 49 72 25 3 96 23 38 9 43 98 17 88 54 11 37 62 28 80 92 91 44 83 27 76 63 65 39 14 57 31 41 41 69 58 6 36 73 68 25 7 54 46 69 18 42 71 1 0 17 89 20 90 14 60 52 72 84 65 39 13 85 60 2 75 34 60 15 50 96 23 42 17 78 53 66 92 39 11 68 56 88 25 23 40 42 49 5 35 69 42 73 69 75 77
58 47 57 13 34 25 82 90 49 62 69 47 5 16 78 44 33 27 23 72 96 82 98 80 38 4 23 4 2 27 18 24 1 13 89 24 31 96 25 49 66 25 51 52 69 90 77 66 9 7 31 46 44 17 0 38 34 42 46 19 16 75 53 47 57 25 67 82 45 4 1 35 97 77 28 6 19 92 42 66 92 72 60 1 18 17 44 25 65 6 58 3 67 76 47 33 90 47 46 4 53
38 7 12 9 12 78 1 41 24 90 26 93 38 9 78 50 53 63 36 14 66 53 93 84 14 51 89 62 35 90 93 16 20 56 53 65 76 67 12 57 24 95 42 20 28 57 71 17 42 32 91 7 57 89 38 0 2 27 54 85 50 51 6 47 26 71 37 96 94 2 4 33 57 97 11 77 93 51 91 96 53 51 16 37 62 61 85 30 35 51 83 7 37 85 91 18 83 67 17 89 26 
60 31 3 33 61 9 14 65 60 49 77 38 24 24 71 16 42 56 44 16 75 54 72 68 1 34 64 91 60 4 40 73 19 61 55 75 21 34 55 71 70 83 42 92 49 46 86 61 33 98 35 89 62 20 34 2 0 2 11 51 83 22 94 39 55 94 96 81 39 68 21 46 84 66 97 34 91 33 90 40 84 18 30 54 80 14 1 53 46 62 52 19 64 14 8 55 77 18 12 30
24 14 35 46 97 14 42 43 58 83 30 26 65 60 3 42 55 84 89 86 21 34 64 37 17 23 35 63 94 67 48 30 91 94 67 47 91 10 36 51 16 68 47 67 94 52 53 98 38 6 16 57 48 90 42 27 2 0 65 67 32 43 99 23 56 88 58 59 65 63 11 47 66 81 66 47 41 98 43 65 95 85 71 16 1 7 7 3 97 34 12 68 16 46 76 55 49 20 80 89
42 69 73 14 68 88 56 20 67 54 51 48 71 35 65 90 14 95 54 19 36 30 2 26 91 72 51 8 49 13 47 42 85 73 34 38 78 58 28 83 54 28 26 18 83 24 52 36 85 37 87 8 40 14 46 54 11 65 0 22 93 98 98 10 53 72 59 23 60 98 100 100 21 21 37 85 13 16 54 86 42 100 68 9 45 70 82 80 9 8 60 7 50 76 27 25 8 75 85 29
30 1 56 57 86 2 56 14 45 75 99 59 9 5 82 1 63 81 33 81 81 88 64 19 63 12 23 98 74 41 4 16 40 3 61 82 99 18 34 2 6 6 14 47 72 19 98 91 100 58 24 67 9 60 19 85 51 67 22 0 47 46 82 15 50 69 39 8 94 5 6 9 8 18 56 42 44 34 98 80 37 56 34 55 31 53 5 80 89 71 55 73 77 2 16 87 32 81 76 61 15
79 92 29 22 51 51 43 92 56 21 10 3 69 87 91 13 97 98 48 32 77 43 22 38 36 91 41 52 93 71 32 16 57 77 20 19 87 35 41 94 85 47 25 94 70 51 52 78 2 100 67 58 91 52 16 50 83 32 93 47 0 39 58 91 39 82 48 4 3 19 71 32 62 20 82 91 34 73 64 3 3 29 22 99 48 46 7 23 87 95 78 45 84 48 41 86 65 24 38 54 69
17 63 47 59 41 61 63 5 19 3 94 8 82 20 24 49 61 66 81 68 56 54 66 29 27 39 12 24 94 77 16 37 9 44 32 12 5 54 63 100 79 87 30 88 94 98 2 50 70 91 45 79 53 72 75 51 22 43 98 46 39 0 31 56 67 59 13 57 19 2 43 77 7 3 85 24 71 13 51 76 12 51 96 89 21 2 84 99 93 49 85 46 88 63 44 59 60 72 17 73
36 56 63 47 95 29 12 19 27 24 87 99 86 59 38 24 16 66 27 88 26 84 22 20 11 42 93 91 34 96 40 58 33 74 39 93 90 36 28 33 46 90 96 22 78 37 36 6 84 99 37 100 80 84 53 6 94 99 98 82 58 31 0 33 42 84 89 1 6 77 17 99 40 84 6 98 47 70 76 18 88 21 31 43 36 90 74 81 74 78 87 82 86 23 46 80 86 14 36 36 84
91 11 87 83 96 94 78 33 12 32 81 31 53 46 24 52 5 14 79 45 72 21 46 78 78 59 52 18 38 42 59 60 79 67 68 92 32 59 78 45 41 41 4 13 15 92 94 87 57 86 38 75 19 65 47 47 39 23 10 15 91 56 33 0 87 97 49 86  53 22 61 83 37 89 20 37 93 66 79 99 97 87 12 77 48 22 3 46 3 65 40 73 58 71 21 55 60 81 99 92
43 60 76 82 25 85 25 51 26 70 17 93 74 7 80 75 100 62 51 87 9 15 11 38 83 48 81 41 4 87 30 1 15 52 77 33 45 94 18 32 34 38 95 68 5 7 73 89 93 48 17 56 20 39 57 26 55 56 53 50 39 67 42 87 0 61 11 92 68 34 76 37 100 76 91 77 57 73 4 87 68 16 43 96 67 57 87 38 99 27 65 86 66 9 41 61 15 55 13 53
89 25 34 45 20 6 79 6 56 79 50 1 53 67 96 34 37 79 2 8 60 19 96 92 61 53 78 4 91 52 46 53 88 76 99 24 89 44 41 76 86 51 94 100 85 11 17 76 41 85 94 92 8 13 25 71 94 88 72 69 82 59 84 97 61 0 39 7 26 3 1 50 80 80 14 39 18 22 46 92 70 40 9 66 63 74 82 71 48 54 9 9 16 30 67 90 64 72 42 60 32
7 38 70 97 26 41 53 76 2 60 68 79 95 1 70 92 81 79 62 61 57 45 42 57 90 59 17 67 12 10 95 94 40 29 15 62 11 94 43 5 1 60 68 45 44 14 17 44 88 93 50 91 85 85 67 37 96 58 59 39 48 13 89 49 11 39 0 73 15 67 89 71 69 100 56 51 45 37 79 7 28 14 24 72 28 74 62 74 35 3 88 18 64 54 27 96 96 14 7 71
41 49 43 23 77 12 44 40 50 9 29 100 77 68 28 1 99 79 100 28 3 64 23 96 6 80 77 84 95 88 100 42 75 33 21 92 19 67 1 51 69 79 88 98 96 52 29 78 13 26 72 33 48 60 82 96 81 59 23 8 43 57 16 86 92 7 73 0 6 0 6 97 34 24 53 80 20 27 94 86 66 72 45 8 72 88 100 20 97 16 53 93 54 58 91 60 58 87 10 66 87
43 84 45 30 95 5 97 4 97 20 80 53 27 93 43 55 33 41 56 75 33 30 13 61 75 3 79 62 69 84 46 30 21 62 54 62 20 52 1 27 95 57 41 2 12 81 12 31 11 97 45 59 78 2 45 94 39 65 60 94 19 19 77 53 68 26 15 60 0 20 60 14 36 29 2 69 70 57 32 79 75 96 44 75 17 25 12 86 23 72 58 96 75 39 84 59 96 23 84 32
65 96 17 62 59 36 74 23 85 72 65 49 97 88 11 91 88 12 64 32 6 53 52 2 64 84 21 60 28 86 73 49 28 70 8 31 60 41 59 67 34 78 80 29 94 45 26 88 21 56 78 97 76 75 41 24 68 63 98 5 71 2 17 22 34 31 67 6 20  0 4 33 1 91 81 9 6 3 59 19 58 62 21 29 57 14 33 93 83 68 21 59 75 88 95 84 65 65 15 47
49 42 82 36 3 57 41 99 16 4 22 83 73 33 83 98 85 48 17 53 41 65 16 94 23 91 16 46 99 91 76 28 55 4 70 99 28 95 77 39 86 4 42 43 93 44 39 56 36 29 86 18 14 34 35 33 21 11 100 6 32 43 99 61 76 50 89 97 60 4 0 91 26 56 64 68 93 32 20 81 19 29 49 21 80 92 67 88 9 27 26 60 19 21 36 15 57 48 57 35
47 3 99 51 72 73 14 48 65 46 6 41 50 57 59 20 41 46 74 72 76 70 56 33 96 3 49 87 90 51 63 99 89 30 17 70 10 38 55 2 49 43 26 5 99 42 97 83 64 39 1 91 10 60 97 57 46 47 100 98 62 77 40 83 37 80 71 34 1 4 33 91 0 61 52 9 79 95 90 25 77 95 91 90 73 20 2 3 45 24 40 10 28 38 87 17 28 70 24 100 15
6 51 23 74 67 51 76 85 43 82 27 16 41 75 27 81 18 71 62 69 63 71 94 37 67 69 99 52 49 87 73 25 42 8 23 92 20 75 36 24 82 1 35 69 91 46 40 54 16 43 91 68 72 15 77 97 84 66 21 18 20 7 84 37 100 80 69 24 36 1 26 61 0 16 45 37 70 79 77 59 53 47 38 16 89 17 89 83 75 34 16 57 57 63 17 25 30 43 85 73
91 92 52 67 79 24 73 49 76 5 17 76 75 48 88 79 7 76 46 94 86 6 39 81 61 23 80 66 80 56 74 25 99 93 43 1 80 13 31 44 33 12 61 69 100 79 45 1 98 29 86 8 43 50 28 11 66 81 21 56 82 3 6 89 76 14 100 53 29 91 56 52 16 0 50 97 27 83 3 76 17 66 53 60 56 18 45 55 44 25 100 23 22 34 14 18 94 74 61 76
30 37 22 45 94 86 19 72 14 93 17 63 20 22 71 32 71 90 74 86 63 48 80 76 39 96 36 2 48 82 81 75 43 52 8 80 17 98 32 42 57 26 1 42 91 50 57 55 78 96 26 35 40 96 6 77 97 66 37 42 91 85 98 20 91 39 56 80 2 81 64 9 45 50 0 75 86 2 23 9 96 27 21 92 89 30 73 78 94 9 55 23 77 38 17 4 91 13 90 54
71 75 100 60 52 57 11 65 43 86 27 68 44 84 29 45 42 51 75 38 81 95 83 8 89 36 58 41 50 29 39 34 3 54 64 18 1 52 96 81 11 44 8 97 94 6 27 90 75 43 19 47 37 23 19 93 34 47 85 44 34 24 47 37 77 18 51 20 69 9 68 79 37 97 75 0 80 100 23 3 3 70 55 30 35 39 75 27 64 35 73 49 54 4 8 19 34 38 96 80
51 21 58 93 85 17 18 14 97 14 67 37 12 23 52 41 83 50 51 12 37 88 9 85 12 9 84 10 32 3 98 86 22 93 61 18 97 96 38 96 73 96 22 63 75 15 3 89 35 38 69 63 22 42 92 51 91 41 13 34 73 71 70 93 57 22 45 27 70 6 93 95 70 27 86 80 0 62 45 60 62 8 77 73 46 93 73 29 97 12 36 36 30 17 33 57 59 50 21 97
7 97 77 40 19 27 33 76 49 99 88 98 42 32 59 88 50 34 54 5 98 27 55 75 46 62 63 98 70 78 43 39 5 71 48 15 54 18 24 19 83 17 93 21 50 86 59 16 54 7 7 3 2 17 42 91 33 98 16 98 64 13 76 66 73 46 37 94 57 3 32 90 79 83 2 100 62 0 25 21 27 7 84 46 75 92 89 39 65 5 78 54 43 5 24 53 26 12 43 25
2 22 93 54 65 58 13 46 73 90 82 19 90 77 14 100 24 66 82 78 3 77 23 20 68 43 3 84 76 63 9 71 47 20 94 96 59 93 23 60 2 16 94 45 75 28 89 9 34 68 30 40 35 78 66 96 90 43 54 80 3 51 18 79 4 92 79 86 32 59 20 25 77 3 23 23 45 25 0 50 36 91 47 29 56 5 42 10 82 80 3 84 93 33 13 100 62 48 6 91
94 49 90 25 20 27 96 13 27 23 65 98 20 84 61 26 59 15 88 7 9 24 8 91 26 95 63 51 99 25 4 63 57 73 31 42 31 93 28 64 7 5 18 19 15 25 22 11 79 54 9 27 30 53 92 53 40 65 86 37 3 76 88 99 87 70 7 66 79 19 81 77 59 76 9 3 60 21 50 0 70 60 29 40 29 81 72 79 41 57 49 45 46 26 11 99 17 81 16 65
49 100 76 55 53 58 70 47 7 39 41 29 66 49 84 84 6 83 100 69 81 41 46 77 68 100 21 59 50 66 78 30 10 8 18 37 94 38 30 29 36 7 18 26 74 5 87 41 87 94 42 96 59 66 72 51 84 95 42 56 29 12 21 97 68 40 28 7 2 75 58 19 95 53 17 96 3 62 27 36 70 0 27 73 80 94 83 6 37 34 6 88 33 39 66 65 19 100 33 9 97
30 69 13 11 1 38 32 79 74 38 87 52 6 24 87 39 22 8 11 23 41 80 39 42 90 89 71 22 37 73 26 85 34 95 44 68 7 31 12 30 61 69 4 20 70 57 9 100 25 6 26 7 37 92 60 16 18 85 100 34 22 51 31 87 16 9 14 45 96 62 29 91 47 66 27 70 8 7 91 60 27 0 39 79 39 46 60 70 45 63 70 50 19 68 59 44 62 4 91 87
24 85 1 46 88 72 41 70 30 11 22 17 86 83 43 93 96 33 44 14 77 91 45 52 43 79 23 76 100 33 35 10 9 6 77 29 50 14 12 89 72 42 44 85 19 18 78 98 35 47 37 15 70 39 1 37 30 71 68 55 99 96 43 12 43 66 24 8 44 21 49 90 38 53 21 55 77 84 47 29 73 39 0 27 4 5 1 69 24 48 97 67 31 66 53 1 18 74 87 69
85 82 11 50 61 70 89 63 5 62 63 31 17 19 11 94 97 97 66 1 59 89 91 30 64 43 74 82 24 86 2 79 62 41 15 54 55 97 55 55 28 36 94 75 66 28 29 8 76 10 81 51 98 11 18 62 54 16 9 31 48 89 36 77 96 63 72 72 7 5 29 21 73 16 60 92 30 73 46 29 40 80 79 27 0 98 80 25 29 61 59 26 68 13 35 53 70 63 71 12 36
55 35 4 87 27 62 86 20 6 35 22 50 51 77 73 53 17 68 73 43 94 11 40 91 48 58 42 88 44 29 79 24 34 84 27 10 73 11 81 14 38 99 40 85 34 56 80 55 50 25 17 87 5 68 17 61 80 1 45 53 46 21 90 48 67 74 28 88 17 57 80 20 89 56 89 35 46 75 56 29 94 39 4 98 0 91 12 65 51 61 46 68 55 88 18 66 43 89 74 16
57 54 70 14 11 97 91 86 27 9 65 26 16 21 29 12 79 23 30 38 41 72 55 75 3 42 87 72 32 47 83 86 87 63 18 74 61 90 54 80 44 26 12 60 39 3 48 5 13 55 71 80 99 56 44 85 14 7 70 5 7 2 74 22 57 82 74 100 25 14 92 2 17 18 30 39 93 92 5 81 83 46 5 80 91 0 80 38 89 70 87 31 10 41 22 20 82 27 21 12
41 100 62 75 58 23 98 90 13 62 10 59 10 12 35 61 79 83 82 39 47 46 5 73 18 48 89 88 55 90 70 1 5 10 35 82 95 29 94 70 69 14 26 50 12 87 50 38 85 66 85 77 3 88 25 30 1 7 82 80 23 84 81 3 87 71 62 20 12 33 67 3 89 45 73 75 73 89 42 72 6 60 1 25 12 80 0 55 94 85 58 100 37 30 51 58 6 66 35 50
67 19 89 23 71 18 90 45 76 60 16 30 65 83 42 35 80 11 13 89 75 22 24 92 100 70 18 100 62 79 37 25 86 8 21 4 55 10 22 67 34 24 29 15 53 69 81 86 25 40 48 23 6 25 65 35 53 3 80 89 87 99 74 46 38 48 74 9 7 86 93 88 45 83 55 78 27 29 39 10 79 37 70 69 29 65 38 55 0 95 93 71 20 18 14 54 18 78 61 6 54
77 39 2 69 16 13 91 66 94 94 3 21 67 57 19 41 59 42 77 56 74 71 26 90 24 46 18 5 35 84 79 94 43 39 72 70 34 87 86 80 96 13 79 96 64 99 46 100 93 7 29 80 39 23 6 51 46 97 9 71 95 93 78 3 99 54 35 16 23 83 9 24 75 44 94 64 97 65 82 41 34 45 24 61 51 89 94 95 0 92 63 77 55 73 35 17 51 94 46 53
32 1 90 19 77 18 46 41 66 16 74 41 94 91 4 98 78 32 82 90 98 84 79 88 27 81 93 80 86 26 40 6 43 61 93 17 47 45 29 78 72 19 49 4 9 80 29 93 5 10 37 2 33 40 58 83 62 34 8 55 78 49 87 65 27 9 3 53 72 68 27 40 34 25 9 35 12 5 80 57 6 63 48 59 61 70 85 93 92 0 48 22 62 45 60 67 86 40 19 8
9 89 56 88 28 97 54 46 37 70 25 61 75 26 68 86 51 88 48 48 81 90 25 91 4 14 99 39 68 66 39 13 61 72 65 84 30 41 44 38 4 58 51 33 50 12 63 14 23 93 5 13 66 42 3 7 52 12 60 73 45 85 82 40 65 9 88 93 58 21 26 10 16 100 55 73 36 78 3 49 88 70 97 26 46 87 58 71 63 48 0 69 55 51 33 100 21 36 99 93
45 28 24 6 44 86 15 9 37 38 42 48 10 25 66 30 8 6 91 82 36 56 82 40 49 65 68 1 17 61 22 66 62 72 55 68 72 83 1 3 43 97 93 52 89 90 27 13 56 100 1 77 17 49 67 37 19 68 7 77 84 46 86 73 86 16 18 54 96 5 9 60 28 57 23 23 49 36 54 84 45 33 50 67 68 68 31 100 20 77 22 69 0 17 83 30 17 60 59 84 100
40 68 3 59 59 42 52 19 42 70 46 63 1 87 39 41 30 80 72 94 73 79 31 94 52 11 50 31 94 46 27 68 21 55 67 86 29 70 56 16 12 40 45 38 46 59 20 83 14 76 24 65 82 5 76 85 64 16 50 2 48 88 23 58 66 30 64 58 75 75 19 38 57 22 77 54 30 43 93 46 39 19 31 13 55 10 37 18 55 62 55 17 0 36 58 71 72 43 81 78
27 29 86 92 65 24 41 71 15 59 63 56 96 78 82 6 82 22 6 85 1 80 34 54 71 62 66 62 5 79 64 8 44 48 94 3 60 21 72 93 80 87 55 15 32 91 78 84 63 37 65 58 80 35 47 91 14 46 76 16 41 63 46 71 9 67 54 91 39 88 21 87 63 34 38 4 17 5 33 26 66 68 66 35 88 41 30 14 73 45 51 83 36 0 7 96 87 4 53 19 
24 94 83 3 10 30 45 2 95 1 24 76 74 70 58 92 96 39 73 88 8 7 24 64 37 86 90 19 67 22 78 78 79 15 65 31 42 94 71 24 35 95 24 64 21 76 92 52 74 62 12 71 24 69 33 18 8 76 27 87 86 44 80 21 41 90 27 60 84 95 36 17 17 14 17 8 33 24 13 11 65 59 53 53 18 22 51 54 35 60 33 30 58 7 0 36 86 29 79 61
38 49 86 26 83 30 59 24 57 72 32 93 90 44 51 93 79 52 33 62 56 63 95 82 59 74 33 6 54 56 76 85 88 24 76 58 22 93 53 73 13 47 54 52 7 11 48 30 85 48 41 39 28 42 90 83 55 55 25 32 65 59 86 55 61 64 96 5 8 59 84 15 28 25 18 4 19 57 53 100 99 19 44 1 70 66 20 58 18 17 67 100 17 71 96 36 0 2 50 65 86 
39 84 89 78 87 66 36 33 53 65 7 62 62 35 15 11 77 48 90 94 67 36 31 4 68 5 20 41 9 21 25 5 14 30 1 82 89 63 76 49 94 44 37 20 72 33 86 38 61 19 51 13 72 73 47 67 77 49 8 81 24 60 14 60 15 72 96 87 96 65 57 70 30 94 91 34 59 26 62 17 100 62 18 63 43 82 6 78 51 86 21 60 72 87 86 2 0 27 58 38
19 8 27 15 66 60 60 73 37 18 69 55 73 78 99 50 54 9 21 18 42 88 47 6 57 63 82 29 24 28 82 91 64 90 13 68 67 15 32 24 31 23 48 91 69 90 32 34 23 14 5 45 14 69 46 17 18 20 75 76 38 72 36 81 55 42 14 10 23 65 48 24 43 74 13 38 50 12 48 81 33 4 74 71 89 27 66 61 94 40 36 59 43 4 29 50 27 0 42 39
83 22 18 15 88 33 93 53 39 16 19 99 69 69 59 79 100 47 66 2 89 97 88 77 6 4 4 60 85 74 1 35 92 67 1 11 34 28 41 54 62 12 47 18 22 97 7 1 54 28 84 62 83 75 4 89 12 80 85 61 54 17 36 99 13 60 7 66 84 15 57 100 85 61 90 96 21 43 6 16 9 91 87 12 74 21 35 6 46 19 99 84 81 53 79 65 58 42 0 94
30 11 58 25 78 97 6 88 83 56 3 47 59 69 62 80 85 77 32 83 82 34 46 80 32 3 31 23 93 35 62 92 35 88 52 67 86 8 35 49 35 81 27 84 59 51 85 65 98 13 67 81 41 77 53 26 30 89 29 15 69 73 84 92 53 32 71 87 32 47 35 15 73 76 54 80 97 25 91 65 97 87 69 36 16 12 50 54 53 8 93 100 78 19 61 86 38 39 94 0
35
